331.2011811168416	291.51773121361174
1112.1400498152634	460.7672048322526
722.092054658044	822.2589129358383
696.8929519530132	869.9729531998665
799.0092876637686	857.1412125088511
304.170576935821	380.12632944840976
335.5312274656222	522.6242077920891
1082.8435877116433	542.5049247723896
1001.942326129156	160.8664195263984
990.5852648503612	230.5638984128841
274.5888331078378	480.95257954656427
605.9626059245907	702.2764412936508
272.36610853863203	245.23463946442683
710.7196541547107	919.2625666838512
776.0394684166674	822.5467718339297
653.4620176548597	876.149725555109
342.4777599328985	495.7974205078128
1061.7405989654162	437.8875933336931
755.4163208403733	927.1631130443922
579.3430256922184	210.68806367151427
750.1165301841764	223.23701225405884
637.9797942855126	940.458591729904
720.7700369013339	888.7938015467183
274.18486367317126	541.3803439334642
690.0528053735983	833.5630629257677
732.0641182713204	803.229131846883
803.5844416328407	887.9410928035632
750.6670166475634	861.5845271409348
668.8916728635876	921.8601259357067
605.745806601935	920.3881116140137
581.18575533784	132.96118196500586
1066.2999807257384	503.84620033904883
319.15513935632833	479.29143412350385
1020.4161656553918	109.64159591280568
737.2704918450413	758.2990172916188
231.79165680712157	479.12800797537074
553.12817908917	867.8868442064175
644.6049351251199	788.5280098209746
625.673073951078	848.9335253955742
329.9490848093826	254.0919440601412
569.52629208298	816.9809652582591
242.31357381065482	364.8428530220669
900.8982030463277	31.911236122588907
961.2566958067649	107.76746290994713
545.5414261816969	175.39631392912872
630.7405150152096	184.37258231309582
397.2424019805575	499.88855704120436
294.94116278368284	415.90963458898165
954.3642250864314	577.1435167292507
496.70591052433394	347.00790495600353
467.1416373038753	558.5654400852897
419.67381006863224	415.8480256274452
854.6924383117273	65.95768399376131
572.987955278668	564.152639834221
542.225687020349	618.8793477109248
405.26372921129763	637.3831923086917
489.77436426359543	167.2080998204817
505.8924944958581	692.5209164137658
520.2380660530663	382.95416135255596
516.4754628834984	456.47215487219034
597.8405754709994	506.0755491038031
444.53772034176444	485.5354622257043
564.7240020909493	722.0751612369004
808.4056017128805	253.78112539709204
908.1659930645677	131.2265543142406
873.0905030135336	251.69473137721303
375.35069367763697	602.7872054822327
814.9502480453738	225.77170459039579
704.27138763802	286.0099436122712
570.0217903031906	339.75823203772137
866.1442039267365	417.3006562863954
764.2719514296805	141.46545310676123
912.4069492640847	162.97433998077062
993.6626364782785	447.0113614828622
631.7129627530909	329.50808210374186
882.5026585077682	224.43686489342787
645.1562284781389	453.3762900059139
596.0335935528793	609.1751654724354
330.84400037787765	393.48340801994846
678.1174432767916	630.7587193600768
533.9779288045736	539.4242541993433
914.3060507628308	307.2696566889392
949.7828694371366	304.21493041340295
748.2994185919327	100.47759171008107
751.6088302953427	270.21746875599166
760.2474691093757	635.2387082594174
405.89023061607435	338.4774941780921
954.6882749184285	437.3104917512614
663.777750064631	660.2013051392973
937.317475743324	227.26687415237419
840.5003838290235	191.53749219704505
840.456211380041	294.91271876555584
463.8014427871547	445.5622355646129
646.3163634543862	102.32251052627919
1006.9486380114165	559.0407866431942
1110.5790362133544	520.8946372836626
866.7607884661844	546.9678290978128
852.8693558374686	461.7596313839709
880.8559585138834	188.4122861763738
647.9490330953865	251.31147790611607
730.5014123462981	568.2459553204101
716.2539142924178	777.3297484761787
374.0862831453669	372.62036061812415
669.2877121592629	704.6424164662656
306.8391122729219	451.52615555116154
843.8379372767886	687.6153209551026
681.4013580180991	762.4763229821463
793.0752525824385	698.702115954095
637.3149809138823	744.7004941571498
482.88767191489274	484.53883937522346
708.2087349087042	324.4598964655644
333.9784035254387	583.3927199348124
607.2257306029735	646.0332523045377
302.2001275352093	626.7501132985537
708.8142640965583	687.4623418358627
555.3655583355586	763.8557590712744
569.7685256257115	648.6113830486512
570.4686241194979	417.6532320610249
569.506164142511	372.10085103478207
685.5541769300738	41.32201010697889
785.9115066599917	440.2266823452003
608.0569079635104	823.3971598233715
605.3151921213665	180.2575356058754
481.06792489195635	739.7203057955613
602.9579355403409	50.45882111745991
898.3146765331476	444.6490315701058
701.3531888329603	361.8355083781127
580.1220202022452	282.35389854426666
688.7680829078434	416.0964849599719
795.0432415095036	46.078070467797446
933.1478905810562	91.67366859543398
963.9065248385101	551.1260265159206
659.6602697244639	327.01767941223545
625.1156657189886	290.1622759404387
733.6701963763225	360.9396993784822
208.57347393811096	536.7458340131464
939.9575153880673	197.02852004638655
758.178276302365	700.6023768022455
529.4600781919064	781.8402241393312
529.738421952613	842.1321658397445
683.6982375169077	116.10278729238404
909.9871751450803	617.42707358376
950.8876397376946	484.13406093186023
332.5986493992064	176.21063933714467
967.0712288797017	396.36913085732743
748.1495069666242	484.12738437332325
793.0527006788695	582.4219384637008
919.9930697728346	554.4664930961732
944.8741534258467	529.9646180917451
526.9989934947534	736.1031297201755
593.9107600537517	778.566204291553
747.44345301982	324.16536917484046
843.2358941321521	415.60694895680115
780.4492884727164	506.988752028396
887.7121469256317	271.93088362266997
621.7110092287779	571.4619554996543
428.43864576936903	818.6861667913005
907.4290714318446	395.74588859528944
465.0113002178511	821.3687162403379
437.4871516947201	892.3782435234526
470.5484880629245	615.8285747379465
462.7795196670967	331.770626476322
363.64828098954945	406.3211207976614
494.67989876266256	275.90635778897325
481.1503846813089	104.55601585006355
394.7766163801539	142.98723144444918
523.9432392484529	100.83433249668924
841.5461572581116	348.00413872983984
728.75648881509	524.7160352205034
520.6245859357317	235.4968223746671
468.35360195691004	192.09114691874115
430.1786618436114	250.08275718998956
887.4976999179072	377.6041180292747
566.2211602531376	900.1425083865503
487.81623013110277	898.7418296295915
866.7665843641627	134.1051971199449
360.54237211585024	189.20521317201428
389.1722714700482	271.4552610083541
622.9001573742125	345.9430881755783
466.45025501357793	860.0320832329622
503.3587096334911	935.6649352827975
802.0231817753757	400.8681405153498
108.8447257197831	758.4842877900196
802.4879042281875	141.86334366532202
844.477575834396	111.12879629128473
599.0594085341627	-43.305792389586685
612.7394491107137	381.6987527349356
322.67324424349437	314.9751299458305
642.4231784496311	44.51627336072151
129.6631796123702	791.7578018696753
235.72016842342086	313.3589576925809
552.2736401924071	-7.209581275583395
528.5833005193178	35.555214901056466
495.90659770579754	25.778205719015496
166.13785505050507	354.90682608439624
470.211179094433	-28.003519804259117
831.8268107893404	42.07273906427602
235.61194930274473	432.6668462567318
914.6113786306481	57.233819017515785
188.4826338715759	458.02582017905917
