385.38204743574096	339.2449942695665
427.1154785398577	121.26801345342372
383.0452622342517	135.37223428920856
352.98499011021795	139.73252586794266
413.6065268349145	148.5572738219658
415.5226713234929	394.69930184134466
458.75807864344733	133.61463725077343
356.0865023066791	397.53902297436963
236.86375235118513	292.92740994696163
435.5000722485093	140.6350107018647
367.9574349075904	119.74356125432561
242.5695003683902	256.8103255521976
229.76472778467243	85.99054027144287
136.01405731788054	212.68401074360892
90.12031910970803	223.80391780089613
384.55824202749324	286.67446792065726
145.72592783273686	269.7511084485895
265.0368408797262	163.36861299157417
289.185071943385	93.72358329636958
437.89266272529403	457.4428718883706
214.411179810008	107.9363787479956
150.23361702525554	90.37456624203271
169.60858722871492	33.597071425300534
404.523887527725	447.1234683445493
166.75024989393313	462.4300221969915
166.306583178254	426.47832642920696
184.81758604448817	418.5573371764836
160.87085059034692	394.28469660755354
375.3802663565161	488.3512946637007
347.9961447642643	446.40467608788975
246.93188335987034	67.49082287376567
158.43051448548425	253.58352259898643
376.0759426667038	175.20788063530247
331.1276537351699	374.04538058383906
288.66269086598305	128.77639498635745
198.11383401415702	144.06593066585557
434.1188231991699	209.54465390024976
160.63656455733627	171.55135273345107
223.24630426082302	131.16831410918476
423.97294488099527	304.9498942965321
328.9585086374128	396.0919070936478
419.5056025637795	-49.69144588772968
136.8950570261509	365.2280322482588
317.80416111419987	213.45134672940947
166.49208513584836	105.67835043229826
451.31967284039314	-43.72825832506112
119.78316585168702	405.6269930700673
199.07219068313302	112.48947363580356
298.1294378185239	207.32402683617204
377.65987978363876	391.7942096460882
549.2687424745911	108.38142111873307
441.9596121707163	238.11430238428437
412.328081756361	197.98804788199243
234.96198759209514	101.78980944954561
169.64534163854228	218.80099096601023
351.2377400367957	263.0394582057921
180.8729273850511	162.5707804508536
204.99502610131415	72.19714851577045
541.1809456049128	178.78388824681278
206.45839549621067	193.3007353216929
236.16931620140957	314.9396806776584
303.73597043219974	368.08987829157786
264.6101248670221	419.2291726322035
311.0455843141634	239.71418824145584
258.4172737546304	189.66699935004561
221.605525450399	67.88179101304453
550.7111985033638	139.33159080558258
285.01000972923913	364.54193808359975
566.448166948838	148.35005867921188
236.59530524637515	397.0830724886496
296.8871092440389	149.59044297106686
254.43685966491316	107.7142919019788
265.2261625370783	371.69941024158425
282.9235419393359	66.38351013081126
472.3234350081447	317.6572917455176
216.60106830905977	50.22425712817472
466.54844861807214	189.71006351430268
401.0919388289084	297.5578005617272
257.5699495787523	356.0944043446998
366.49725440788586	246.05067989608042
268.2944825064459	92.39307614321602
375.83329909663865	222.71340980191735
172.30420315748864	313.9402034762269
179.98514226400724	340.6492158414978
264.7996575667322	147.36945373237995
257.2204433212531	339.9458668632571
218.26984244148508	391.3962704549356
315.92891307088513	303.26374279519865
382.13873765005894	262.0441670973842
513.6696967839814	329.68566439071225
360.5537508635724	358.5665556680219
220.83316646651662	330.0948143722504
345.84807717872053	287.9615889030323
490.38176506208947	257.5721120947125
424.7149848190512	231.8555603280284
498.9949964011421	309.17623633579507
370.70137466225526	319.1977302674634
427.2099054741771	277.1638586509088
562.8090986716813	164.00294168266174
463.49280837425306	335.97465134252235
171.22926150865553	85.6793349093352
280.6370269026541	170.37560627870735
447.10349123068784	279.464923732371
557.8822126574811	219.06984744481818
338.20242120907733	220.89909286309475
523.2151490818613	146.7070575937403
283.3935476927221	191.08660638685987
460.6048683992557	151.21381109839047
257.26446634751835	250.48027475966023
115.10728408551765	181.26309994785672
331.5824528548131	329.8702042906009
394.4929681831149	395.44588798236015
67.4692796409391	282.2181263779194
412.2016940573604	342.33581370096704
229.8958409197769	18.363228668738866
223.3072637691539	346.7530196477524
212.59734549298688	297.4999650100185
374.6465652550025	441.0620650231903
533.72550001589 206.68586700544327
478.6658090993867	204.57195825723844
244.3863242567905	201.64816084596586
234.06149215934195	220.24502860211476
350.6514428619328	186.27263518504097
337.94760060211286	254.01960251744512
151.0119702783417	63.99156067698074
223.7195150079657	169.43509149882019
200.47134472145981	240.23017125297642
271.40958549080045	218.28410366671625
305.80503288491957	401.9460489239147
529.3822350789368	161.58119758209045
122.5291129773573	278.39160250779923
492.15632747850725	172.40677259900073
562.5399531876463	188.07124703639496
189.38630397629876	11.347029614692874
254.9285761252619	404.0082405596239
472.4908318197239	167.26296579831865
94.89404793498046	255.3744043024341
439.72406616083236	418.1605246598372
191.1400789821408	327.621544447191
409.0620143734208	366.7399085426131
499.76060557563886	147.27566008296347
401.95915114115786	127.15508542894355
253.59205819795457	42.70167941721717
501.41827556263206	192.50976266216352
470.75198123657503	426.3941067049321
283.2693520899913	253.1762514639249
275.31541688242544	237.3787201177832
219.95005774992842	211.64671645576064
525.1914187922264	117.46700383732009
180.47600851187957	53.35919136021663
531.0658451484862	99.22183509947699
314.9549905217916	155.1933514521556
487.6666040659453	123.92552720823915
462.3759498779836	78.4532273326971
510.9853748671183	165.91116922657397
498.4398814743597	76.32363963261557
474.1175489219368	103.4240623940133
463.27136314688573	390.2041489494697
138.80714495886548	233.40508501524081
191.6841454765721	95.16608141703196
435.26963600211815	67.7866407934183
214.46576258725304	25.922112481638386
151.0303766921881	124.10464788591271
291.2939702944596	267.01865833135054
281.4381041393184	295.2804356856505
432.1862728883367	350.42766683665013
73.867408279941	257.77425857455876
247.27404636990414	165.09413753900765
378.89057791306357	423.9942368795182
139.0173175103636	294.1038039449783
313.59907447469254	172.8171936236177
502.78128731103163	233.7794604062525
474.7088011536776	66.06027663653481
494.15062577303496	99.65301044522342
85.64333871576086	199.86735697910828
467.63065224651	120.29991912374979
210.58459366092274	269.1522057338407
318.07976958284064	422.75386117299973
448.1410211764921	104.15671607657863
252.00730237232435	317.20844338077467
63.965752582040615	236.01522154830312
434.96560646528957	380.0477739826062
190.33122987081052	207.07070816341096
427.20610147220134	88.12898650900671
451.24856236076766	66.9515546429972
463.85405782408304	49.98749429072266
481.0672441589436	224.52483445184276
512.850188243106	69.37036473042104
306.26990637670906	449.1014075149886
354.19824131871144	221.00413434410467
424.5906850700947	412.9649636689564
149.90546796408665	220.6233081546522
506.76332633701975	211.70315941857018
432.4644685358418	182.56021893062334
500.10342857275674	360.6151078436466
318.4805210621107	258.6428060015599
453.0052719065888	224.56600171092094
411.066620988652	174.23866683339062
471.7091198836981	360.8146434332664
298.80678163391315	186.79009695375106
