899.1837860454274	899.1837860454274
-264.9067343715589	-264.9067343715589
-233.76695794701715	-233.76695794701715
793.1702747203302	793.1702747203302
1248.0670089986486	1248.0670089986486
211.26781757902648	211.26781757902648
210.62263743777334	210.62263743777334
-316.30901348370224	-316.30901348370224
-68.10639122179491	-68.10639122179491
1611.8949169340144	1611.8949169340144
-240.59203824803262	-240.59203824803262
301.07760348158547	301.07760348158547
1040.1151753822887	1040.1151753822887
1283.6727275002013	1283.6727275002013
271.74118468983784	271.74118468983784
-202.75724817532432	-202.75724817532432
910.7199799987118	910.7199799987118
1163.998566352497	1163.998566352497
124.36858108696254	124.36858108696254
1530.0090254283782	1530.0090254283782
1222.3984334391448	1222.3984334391448
905.7583594287041	905.7583594287041
191.83051488458176	191.83051488458176
81.25192197524122	81.25192197524122
915.2845319933406	915.2845319933406
309.814282523241	309.814282523241
1075.7620154013605	1075.7620154013605
1628.3212934800379	1628.3212934800379
-288.4988611081422	-288.4988611081422
237.06173290424178	237.06173290424178
1304.2365408549879	1304.2365408549879
1262.508815296055	1262.508815296055
-161.86130299127444	-161.86130299127444
1008.8888689427147	1008.8888689427147
706.4181356559496	706.4181356559496
802.8689268280509	802.8689268280509
916.1881386586515	916.1881386586515
1000.9362720615039	1000.9362720615039
795.3928018986761	795.3928018986761
752.7852533353346	752.7852533353346
0.9895972898225622	0.9895972898225622
810.1350202676214	810.1350202676214
150.2722603789102	150.2722603789102
-82.34877457760349	-82.34877457760349
1346.1148645762755	1346.1148645762755
1963.7013721519752	1963.7013721519752
-277.12558752954976	-277.12558752954976
333.6762331373994	333.6762331373994
1589.507600045814	1589.507600045814
1585.5473305791836	1585.5473305791836
1733.7576397154232	1733.7576397154232
785.5819602457475	785.5819602457475
1683.51712502789	1683.51712502789
967.4431395607762	967.4431395607762
-217.74935066852032	-217.74935066852032
-259.7119979380269	-259.7119979380269
668.5825572303519	668.5825572303519
298.7207238831737	298.7207238831737
1313.813209876497	1313.813209876497
933.9222441378614	933.9222441378614
140.71187135141267	140.71187135141267
-353.3650191743731	-353.3650191743731
709.7665159731187	709.7665159731187
333.6149856136784	333.6149856136784
893.7302213144259	893.7302213144259
-128.82350745260246	-128.82350745260246
1477.261571140485	1477.261571140485
1088.8975610356836	1088.8975610356836
107.38350949475657	107.38350949475657
551.9365313945675	551.9365313945675
681.8897074640469	681.8897074640469
71.51492828110828	71.51492828110828
138.59844723088938	138.59844723088938
98.13771297453204	98.13771297453204
499.12586554590575	499.12586554590575
933.5034190268442	933.5034190268442
346.03662936582174	346.03662936582174
293.9261793883082	293.9261793883082
933.6184976888695	933.6184976888695
1569.0950786320439	1569.0950786320439
1912.2870402017775	1912.2870402017775
1307.3164722077242	1307.3164722077242
-98.8675915885367	-98.8675915885367
111.482323940897	111.482323940897
893.0264701101692	893.0264701101692
937.8386123988363	937.8386123988363
700.4927565887269	700.4927565887269
1026.6895382907928	1026.6895382907928
-181.5325459238489	-181.5325459238489
1237.986951127601	1237.986951127601
1634.3633148968024	1634.3633148968024
326.1827063736456	326.1827063736456
822.9959755362561	822.9959755362561
798.3889056157516	798.3889056157516
-286.8776209714984	-286.8776209714984
1548.6427662393762	1548.6427662393762
1257.9524673820883	1257.9524673820883
-249.64395153631193	-249.64395153631193
-491.2062748594642	-491.2062748594642
219.51484553147858	219.51484553147858
-329.23953305202093	-329.23953305202093
111.81995831745259	111.81995831745259
1664.7466554274517	1664.7466554274517
-351.38973294199343	-351.38973294199343
282.6500350723171	282.6500350723171
1818.645054929618	1818.645054929618
130.4937304035129	130.4937304035129
672.0363540481875	672.0363540481875
291.6361433626258	291.6361433626258
1037.964753587689	1037.964753587689
972.6027081820426	972.6027081820426
858.9764293570165	858.9764293570165
1671.7714327965805	1671.7714327965805
1621.7940322888005	1621.7940322888005
1779.0503265879604	1779.0503265879604
640.2448627855738	640.2448627855738
-381.2659347860556	-381.2659347860556
1596.8342514239262	1596.8342514239262
1171.48007481126	1171.48007481126
1493.7601373522052	1493.7601373522052
1468.4450166394347	1468.4450166394347
-325.7605965138119	-325.7605965138119
-257.30813312271397	-257.30813312271397
426.1800484716687	426.1800484716687
-316.6602283573789	-316.6602283573789
809.6200895334848	809.6200895334848
284.41414884214345	284.41414884214345
736.9673856361526	736.9673856361526
357.7726484918469	357.7726484918469
824.1998973414576	824.1998973414576
1534.0788725061382	1534.0788725061382
1172.5439271195362	1172.5439271195362
1720.296751244279	1720.296751244279
880.0565156661581	880.0565156661581
754.9769203482382	754.9769203482382
690.0431870329213	690.0431870329213
-655.1955789643268	-655.1955789643268
794.7709772548343	794.7709772548343
-216.83687770304795	-216.83687770304795
398.7613653891808	398.7613653891808
1435.7784246925535	1435.7784246925535
455.9687440046522	455.9687440046522
-195.69400464906624	-195.69400464906624
742.6233689440426	742.6233689440426
1681.0859973498295	1681.0859973498295
1492.5077806213696	1492.5077806213696
1494.1002212491846	1494.1002212491846
1205.4343013012153	1205.4343013012153
-363.3181398294628	-363.3181398294628
1595.4874694517791	1595.4874694517791
1553.0516014260932	1553.0516014260932
1637.4702553274055	1637.4702553274055
1148.8514324086934	1148.8514324086934
265.20289158077077	265.20289158077077
1762.3848421923649	1762.3848421923649
-381.61489622831107	-381.61489622831107
178.57562981904454	178.57562981904454
-553.6407893505456	-553.6407893505456
190.16785947512895	190.16785947512895
152.67498802363332	152.67498802363332
1103.6461733366111	1103.6461733366111
630.136622659369	630.136622659369
-193.30817652659408	-193.30817652659408
1264.6699641565808	1264.6699641565808
870.2062045844883	870.2062045844883
1508.7752161375086	1508.7752161375086
305.417600262549	305.417600262549
23.8053482409449	23.8053482409449
1016.8517658654001	1016.8517658654001
907.2467716748466	907.2467716748466
1279.0165335608624	1279.0165335608624
-367.91219763804753	-367.91219763804753
34.44680833983527	34.44680833983527
-372.0221981976244	-372.0221981976244
533.3871591136849	533.3871591136849
1443.5523112025587	1443.5523112025587
1001.0679582337704	1001.0679582337704
365.3054917150071	365.3054917150071
-622.6042207989688	-622.6042207989688
1774.1068036015552	1774.1068036015552
1367.8731199894992	1367.8731199894992
39.37686858476315	39.37686858476315
1734.8028417481248	1734.8028417481248
-498.9480927007762	-498.9480927007762
238.38464781600788	238.38464781600788
1398.553982360465	1398.553982360465
827.7721756739263	827.7721756739263
1101.8583658535747	1101.8583658535747
-352.8675179611533	-352.8675179611533
929.9874267993346	929.9874267993346
1319.1681064083837	1319.1681064083837
107.64948026487532	107.64948026487532
409.2045561644689	409.2045561644689
1582.114618487639	1582.114618487639
1719.8125154765514	1719.8125154765514
-219.19601511256496	-219.19601511256496
1633.5148638208946	1633.5148638208946
1533.2055693956363	1533.2055693956363
765.483199913401	765.483199913401
601.3084717473288	601.3084717473288
584.4137965258562	584.4137965258562
1056.8761893400667	1056.8761893400667
1207.1848218596688	1207.1848218596688
777.3187115842629	777.3187115842629
1350.8445335540634	1350.8445335540634
235.73236823646562	235.73236823646562
-569.6974129449651	-569.6974129449651
1444.2956584352319	1444.2956584352319
88.90813080949982	88.90813080949982
1236.440182621615	1236.440182621615
-513.1073613279668	-513.1073613279668
405.630637540686	405.630637540686
984.6970480411799	984.6970480411799
467.33352319002165	467.33352319002165
77.8892313573332	77.8892313573332
-321.8656873503838	-321.8656873503838
1165.1530540571302	1165.1530540571302
1203.2507706620731	1203.2507706620731
874.1052774291758	874.1052774291758
995.7858585580427	995.7858585580427
1392.4519158000103	1392.4519158000103
1234.3733294881972	1234.3733294881972
-104.62865454899558	-104.62865454899558
426.4983207041777	426.4983207041777
-668.9690175347561	-668.9690175347561
1342.359958169826	1342.359958169826
679.8665541047089	679.8665541047089
296.4773429039123	296.4773429039123
741.6480255955576	741.6480255955576
-293.69247336215983	-293.69247336215983
696.568955807583	696.568955807583
-254.6105149070232	-254.6105149070232
42.464754529215085	42.464754529215085
424.4530965983559	424.4530965983559
17.07893445485942	17.07893445485942
220.64334559650797	220.64334559650797
1050.7688210732615	1050.7688210732615
457.3896190512818	457.3896190512818
-190.40289975170404	-190.40289975170404
1172.9327003487826	1172.9327003487826
293.3752778044019	293.3752778044019
991.3347689181195	991.3347689181195
1203.4212364093296	1203.4212364093296
1589.5266590133556	1589.5266590133556
1479.8352221135708	1479.8352221135708
-203.63695237244167	-203.63695237244167
1416.0701729200498	1416.0701729200498
171.5674192331509	171.5674192331509
157.30397421564723	157.30397421564723
535.5268929324765	535.5268929324765
892.2507807526604	892.2507807526604
1322.0634948894965	1322.0634948894965
858.577783020124	858.577783020124
453.5958952360249	453.5958952360249
913.8182207496715	913.8182207496715
1051.0143164346441	1051.0143164346441
53.930723303208886	53.930723303208886
675.1018813180913	675.1018813180913
-278.0555356202589	-278.0555356202589
229.49958957723558	229.49958957723558
193.2563999607081	193.2563999607081
412.1422974213014	412.1422974213014
1309.3368504254686	1309.3368504254686
1046.3493653238654	1046.3493653238654
285.59277524169454	285.59277524169454
1421.0657754118645	1421.0657754118645
1582.5707025620873	1582.5707025620873
1575.6021735950249	1575.6021735950249
122.24907435985524	122.24907435985524
1304.3636554852335	1304.3636554852335
695.8920731677174	695.8920731677174
-40.96662514812131	-40.96662514812131
-255.7286667934064	-255.7286667934064
1095.9923887401126	1095.9923887401126
287.336714727373	287.336714727373
203.1052545429144	203.1052545429144
170.37947497119802	170.37947497119802
174.24827279165615	174.24827279165615
-146.84979611943075	-146.84979611943075
-52.65100460665881	-52.65100460665881
258.20983933963726	258.20983933963726
881.0894022001878	881.0894022001878
-259.82542138799374	-259.82542138799374
-246.59481840244587	-246.59481840244587
894.9078698398478	894.9078698398478
1139.1451897861373	1139.1451897861373
131.98857998633977	131.98857998633977
1582.5790157250624	1582.5790157250624
-357.7332159109918	-357.7332159109918
-99.05488114285022	-99.05488114285022
1070.2240266853585	1070.2240266853585
1022.6419337820923	1022.6419337820923
1131.0824378524735	1131.0824378524735
1415.7375983650866	1415.7375983650866
-264.6500499544052	-264.6500499544052
1069.7113421489485	1069.7113421489485
-9.738198818535002	-9.738198818535002
156.78152752638127	156.78152752638127
1137.5730182877512	1137.5730182877512
308.1864748243179	308.1864748243179
1017.3597745921353	1017.3597745921353
1088.5608643633113	1088.5608643633113
-230.563345279409	-230.563345279409
-73.51161660477901	-73.51161660477901
-150.6327773108535	-150.6327773108535
865.5014232278438	865.5014232278438
252.6244224019612	252.6244224019612
1038.7013605665773	1038.7013605665773
1639.5966262844356	1639.5966262844356
124.47527635301687	124.47527635301687
754.9406879156082	754.9406879156082
828.9573274667654	828.9573274667654
338.1432559953369	338.1432559953369
1097.2806454451745	1097.2806454451745
679.4834664250551	679.4834664250551
463.0787891401131	463.0787891401131
100.28216344866986	100.28216344866986
-219.15912287565334	-219.15912287565334
116.82687615788991	116.82687615788991
1152.0157110506825	1152.0157110506825
759.656906109567	759.656906109567
1107.9297961725463	1107.9297961725463
686.0930373653829	686.0930373653829
624.1425687110822	624.1425687110822
385.53855212667924	385.53855212667924
1082.3013063118324	1082.3013063118324
76.78271887456718	76.78271887456718
333.23999013330837	333.23999013330837
-297.8337230746406	-297.8337230746406
247.8083869918891	247.8083869918891
256.5297281743158	256.5297281743158
127.82939955249151	127.82939955249151
361.1420674426608	361.1420674426608
791.3023167405576	791.3023167405576
-210.6247925578258	-210.6247925578258
831.8794886955195	831.8794886955195
859.0548599739144	859.0548599739144
111.32123268755888	111.32123268755888
1172.721862391807	1172.721862391807
-12.895741236735983	-12.895741236735983
896.6644709893698	896.6644709893698
369.91186233757065	369.91186233757065
258.0782167268162	258.0782167268162
321.0833143608926	321.0833143608926
108.25391476068256	108.25391476068256
1184.8686395201005	1184.8686395201005
656.4625365114745	656.4625365114745
-37.23862513698532	-37.23862513698532
579.2147110072009	579.2147110072009
779.5186740167428	779.5186740167428
1077.3282397156258	1077.3282397156258
377.5928851119155	377.5928851119155
-146.862871548723	-146.862871548723
-169.68977471078253	-169.68977471078253
583.3447071004304	583.3447071004304
202.74923981037864	202.74923981037864
395.82096746207355	395.82096746207355
48.92639656388497	48.92639656388497
170.53728806938292	170.53728806938292
220.35134002486134	220.35134002486134
140.2679438246004	140.2679438246004
1331.684416414451	1331.684416414451
763.8325335615269	763.8325335615269
1236.1378033603405	1236.1378033603405
1520.753466003344	1520.753466003344
110.16863282274338	110.16863282274338
1354.1662660435484	1354.1662660435484
-160.721765932118	-160.721765932118
1045.9752540343682	1045.9752540343682
-52.03832351752924	-52.03832351752924
52.985228830268795	52.985228830268795
565.7987120699336	565.7987120699336
1043.2802276145871	1043.2802276145871
469.50788592158733	469.50788592158733
1283.6509715011593	1283.6509715011593
168.20494714151553	168.20494714151553
-60.4114811558595	-60.4114811558595
871.6232046265208	871.6232046265208
1503.5746415234653	1503.5746415234653
-106.40900406439039	-106.40900406439039
1419.4775313411897	1419.4775313411897
421.46539950319624	421.46539950319624
44.04485960656741	44.04485960656741
719.4117214638453	719.4117214638453
1540.4194414928722	1540.4194414928722
1216.4282614877459	1216.4282614877459
241.2017343826368	241.2017343826368
227.21802847363594	227.21802847363594
106.1700481991588	106.1700481991588
125.79440349611426	125.79440349611426
143.14621754994394	143.14621754994394
168.56003070914147	168.56003070914147
567.3422874412094	567.3422874412094
1130.801271965274	1130.801271965274
1499.7568547621595	1499.7568547621595
150.78700141021704	150.78700141021704
1164.862801449675	1164.862801449675
245.6073956180244	245.6073956180244
385.28642055004406	385.28642055004406
1420.2723002076332	1420.2723002076332
-112.11298172971395	-112.11298172971395
55.991368020118834	55.991368020118834
870.5461626481114	870.5461626481114
1046.432813766739	1046.432813766739
1075.0581156370731	1075.0581156370731
1568.8865734511369	1568.8865734511369
484.2688163453514	484.2688163453514
1103.4295832423588	1103.4295832423588
-115.72329599467129	-115.72329599467129
-128.96914857199766	-128.96914857199766
349.3959982841218	349.3959982841218
-204.59591617530631	-204.59591617530631
1312.4117226095368	1312.4117226095368
1284.3499318604677	1284.3499318604677
673.5039241052567	673.5039241052567
471.8590212289695	471.8590212289695
1023.9678494596452	1023.9678494596452
331.5896106792468	331.5896106792468
971.3363548585363	971.3363548585363
-338.9700051781784	-338.9700051781784
1161.87790161251	1161.87790161251
1130.0045729892252	1130.0045729892252
1227.8330001936542	1227.8330001936542
1184.0374572215255	1184.0374572215255
591.0181159589017	591.0181159589017
-229.56470450086448	-229.56470450086448
952.2601130432921	952.2601130432921
1561.3486773447812	1561.3486773447812
-296.2360701121733	-296.2360701121733
1366.3838247100377	1366.3838247100377
746.369064148753	746.369064148753
-122.75717139693455	-122.75717139693455
656.5851451344586	656.5851451344586
493.0337154009309	493.0337154009309
880.0563915217891	880.0563915217891
325.34000459402205	325.34000459402205
958.7088663925186	958.7088663925186
899.6782615363521	899.6782615363521
1951.900239425393	1951.900239425393
96.6759433765079	96.6759433765079
596.1202196942266	596.1202196942266
769.4989553491364	769.4989553491364
15.350882830518678	15.350882830518678
1042.3931421386599	1042.3931421386599
1431.4329546312902	1431.4329546312902
282.7462007190773	282.7462007190773
897.9287888425473	897.9287888425473
-297.1340031549642	-297.1340031549642
781.6966022849806	781.6966022849806
725.4654812507058	725.4654812507058
1268.3118356647444	1268.3118356647444
-192.10014974747713	-192.10014974747713
392.4989323106735	392.4989323106735
1310.363989274824	1310.363989274824
691.2224832261365	691.2224832261365
1330.328577613029	1330.328577613029
341.18318000946635	341.18318000946635
-272.95893315887054	-272.95893315887054
1295.6210445890363	1295.6210445890363
8.17612712264949	8.17612712264949
1147.3886773611448	1147.3886773611448
192.23142222799842	192.23142222799842
1568.6287155087837	1568.6287155087837
-202.28029486379873	-202.28029486379873
1398.9653918976396	1398.9653918976396
1467.974912698526	1467.974912698526
677.0457832594485	677.0457832594485
1001.937597200574	1001.937597200574
211.64484496550932	211.64484496550932
-294.0100125673106	-294.0100125673106
-217.20879147680208	-217.20879147680208
591.1915815757086	591.1915815757086
196.7418401809427	196.7418401809427
1566.3900806041186	1566.3900806041186
960.7595096045195	960.7595096045195
128.630230231856	128.630230231856
1669.3222569583245	1669.3222569583245
284.9408857974608	284.9408857974608
772.3813537296414	772.3813537296414
915.840322704058	915.840322704058
248.99749275111435	248.99749275111435
1252.632610811694	1252.632610811694
-84.51431558163166	-84.51431558163166
252.82771943083992	252.82771943083992
-169.1845074795815	-169.1845074795815
1471.2323824711427	1471.2323824711427
162.3478710055145	162.3478710055145
350.14162306734704	350.14162306734704
248.9148483327318	248.9148483327318
92.99417436246218	92.99417436246218
1642.0214860797926	1642.0214860797926
819.0367085782485	819.0367085782485
1257.431336227915	1257.431336227915
1562.1364640785512	1562.1364640785512
440.1349750474489	440.1349750474489
1364.7544928292637	1364.7544928292637
150.6100197229301	150.6100197229301
1102.925245263382	1102.925245263382
1266.2284148076074	1266.2284148076074
451.6580068775474	451.6580068775474
506.73562375925326	506.73562375925326
856.1959131024083	856.1959131024083
1138.46163412838	1138.46163412838
221.94667902954794	221.94667902954794
-205.71112355734772	-205.71112355734772
385.07628460606344	385.07628460606344
-269.26802337351825	-269.26802337351825
1234.4408719382182	1234.4408719382182
550.890273702008	550.890273702008
-171.81900970501633	-171.81900970501633
1310.772189982806	1310.772189982806
1558.5626973738747	1558.5626973738747
876.0601347632147	876.0601347632147
804.5936848632803	804.5936848632803
-97.55101335183011	-97.55101335183011
271.0902073961281	271.0902073961281
818.4604965232345	818.4604965232345
881.6372103317268	881.6372103317268
248.39163540180502	248.39163540180502
1244.624293827243	1244.624293827243
-133.90619569461987	-133.90619569461987
1458.2855654461396	1458.2855654461396
1014.8205331652179	1014.8205331652179
1045.585829742226	1045.585829742226
1265.6270602813079	1265.6270602813079
1287.3159128357468	1287.3159128357468
607.6233959574005	607.6233959574005
1422.3602647704686	1422.3602647704686
-231.40939314743477	-231.40939314743477
838.6721153573795	838.6721153573795
-610.0236930937857	-610.0236930937857
737.9762016776214	737.9762016776214
-141.06506281304002	-141.06506281304002
1083.74828970921	1083.74828970921
1711.213702251685	1711.213702251685
407.27773051553345	407.27773051553345
357.9075621835871	357.9075621835871
-454.6031721903476	-454.6031721903476
757.6136592177411	757.6136592177411
1022.8164194421257	1022.8164194421257
-51.05765456140579	-51.05765456140579
332.8878262957289	332.8878262957289
663.5222264229919	663.5222264229919
-206.56592262750058	-206.56592262750058
800.7458128757072	800.7458128757072
1611.702230733715	1611.702230733715
842.3088271620438	842.3088271620438
1561.2983690509097	1561.2983690509097
1876.0015380580287	1876.0015380580287
770.700835679792	770.700835679792
-225.32928067618354	-225.32928067618354
928.478748096835	928.478748096835
1129.4144558157093	1129.4144558157093
1615.7101736629347	1615.7101736629347
1247.153921227623	1247.153921227623
723.4913455056317	723.4913455056317
-169.3367148117403	-169.3367148117403
969.6127460684061	969.6127460684061
994.4252685036897	994.4252685036897
-52.56683807989016	-52.56683807989016
318.5149640442138	318.5149640442138
322.86689426035673	322.86689426035673
1028.3161779799188	1028.3161779799188
881.3968068335741	881.3968068335741
302.770779869492	302.770779869492
141.37749977607245	141.37749977607245
1064.3229317145378	1064.3229317145378
68.42576798003695	68.42576798003695
750.4114408397106	750.4114408397106
-557.9234053030339	-557.9234053030339
99.66714931262675	99.66714931262675
604.8081911535932	604.8081911535932
-377.8863100761761	-377.8863100761761
101.16793216120071	101.16793216120071
684.457103565662	684.457103565662
1474.3310182180885	1474.3310182180885
-546.6967697594753	-546.6967697594753
588.9625819435421	588.9625819435421
1393.3078640236492	1393.3078640236492
471.2148628726325	471.2148628726325
358.631985080395	358.631985080395
-82.48770501012294	-82.48770501012294
1228.205083211195	1228.205083211195
1572.085807561385	1572.085807561385
1305.649083449214	1305.649083449214
-23.066598936723903	-23.066598936723903
1735.6447602723472	1735.6447602723472
420.72898271369513	420.72898271369513
1660.927915580203	1660.927915580203
249.10442216774553	249.10442216774553
367.99811727361055	367.99811727361055
397.55099165205405	397.55099165205405
1591.4093424049452	1591.4093424049452
1121.5209066245816	1121.5209066245816
1360.405821726436	1360.405821726436
100.79788464966359	100.79788464966359
-167.27969642243795	-167.27969642243795
623.1714661102246	623.1714661102246
-241.65382110447464	-241.65382110447464
1336.9178916258065	1336.9178916258065
1058.1496795809621	1058.1496795809621
1007.7299683674506	1007.7299683674506
893.1366548932207	893.1366548932207
23.197264228779026	23.197264228779026
1120.3059791654814	1120.3059791654814
-61.70507778879834	-61.70507778879834
353.23745152575924	353.23745152575924
896.9101663561219	896.9101663561219
736.4746591759761	736.4746591759761
-598.9813324402023	-598.9813324402023
-369.29239115149085	-369.29239115149085
255.2899884478618	255.2899884478618
850.3011502570628	850.3011502570628
525.9771304771175	525.9771304771175
700.8012051183181	700.8012051183181
929.4557555425515	929.4557555425515
1218.0785130231272	1218.0785130231272
435.8140880731436	435.8140880731436
488.2532298180176	488.2532298180176
1181.3922885303004	1181.3922885303004
1591.58822288794	1591.58822288794
599.1860001565836	599.1860001565836
205.20525382982566	205.20525382982566
1382.417564615321	1382.417564615321
280.45392649996774	280.45392649996774
75.80449327983281	75.80449327983281
1565.5611138409313	1565.5611138409313
1045.7914044878628	1045.7914044878628
1148.0359605696617	1148.0359605696617
352.7554633879334	352.7554633879334
0.032503955360086385	0.032503955360086385
890.5064279037045	890.5064279037045
776.6474723443304	776.6474723443304
1368.0073298578736	1368.0073298578736
843.0684634682174	843.0684634682174
75.36092573457715	75.36092573457715
1105.108473134602	1105.108473134602
298.8478935961271	298.8478935961271
1505.018928536963	1505.018928536963
926.3805418558793	926.3805418558793
944.7015941337412	944.7015941337412
976.1723627661502	976.1723627661502
964.5011502812698	964.5011502812698
250.42189194042135	250.42189194042135
857.1205289800381	857.1205289800381
776.099386593769	776.099386593769
51.91419624924677	51.91419624924677
-174.06389410107755	-174.06389410107755
1618.8068600551912	1618.8068600551912
614.6971981197009	614.6971981197009
162.9280990426203	162.9280990426203
1360.384664094841	1360.384664094841
179.38615434972874	179.38615434972874
976.3766228337902	976.3766228337902
1692.6070896654799	1692.6070896654799
-409.3034751599074	-409.3034751599074
931.1568817129561	931.1568817129561
1355.1126241466966	1355.1126241466966
462.0681909843752	462.0681909843752
561.5421598694727	561.5421598694727
780.7862162320184	780.7862162320184
1219.5127319535452	1219.5127319535452
1459.827053499196	1459.827053499196
-338.9966773478455	-338.9966773478455
602.0207376190293	602.0207376190293
341.3885689045831	341.3885689045831
414.34685243236953	414.34685243236953
839.9123732832244	839.9123732832244
540.182714833368	540.182714833368
520.4583228805535	520.4583228805535
958.8056969441534	958.8056969441534
-295.66562500468206	-295.66562500468206
69.77029996388674	69.77029996388674
1379.7515993457	1379.7515993457
538.1940908536068	538.1940908536068
534.7207758715547	534.7207758715547
978.8028576654391	978.8028576654391
952.9411211476785	952.9411211476785
1267.1779371601247	1267.1779371601247
365.84287227735615	365.84287227735615
13.491075558543221	13.491075558543221
1560.855717534417	1560.855717534417
378.66828403605143	378.66828403605143
729.9507736924108	729.9507736924108
129.04825846758447	129.04825846758447
1369.1460789643804	1369.1460789643804
1659.9903969361312	1659.9903969361312
70.74005453644314	70.74005453644314
1136.3709093251273	1136.3709093251273
1635.4764413503558	1635.4764413503558
-587.9356216967078	-587.9356216967078
339.8208315417709	339.8208315417709
926.9521912826044	926.9521912826044
547.3935810132649	547.3935810132649
1458.4736591847613	1458.4736591847613
709.1342846126781	709.1342846126781
1217.9818651867533	1217.9818651867533
1594.598682494131	1594.598682494131
90.67501033003005	90.67501033003005
904.8159492039663	904.8159492039663
1386.5278879350587	1386.5278879350587
562.5972293488958	562.5972293488958
739.0835571169797	739.0835571169797
-51.48859816872618	-51.48859816872618
945.6387268980058	945.6387268980058
1501.5813579367716	1501.5813579367716
-309.5808766713612	-309.5808766713612
335.5319282180833	335.5319282180833
269.6877277103778	269.6877277103778
-152.41177762083885	-152.41177762083885
695.646532008972	695.646532008972
39.596687863642856	39.596687863642856
-283.8102785090549	-283.8102785090549
976.0521098761093	976.0521098761093
541.0791498987624	541.0791498987624
1531.1963149328747	1531.1963149328747
507.9611603035075	507.9611603035075
924.7818889455161	924.7818889455161
1174.555304539751	1174.555304539751
707.2377104650676	707.2377104650676
634.7979994281426	634.7979994281426
231.33182169840583	231.33182169840583
738.8944263782613	738.8944263782613
209.60855910519723	209.60855910519723
589.2226523959001	589.2226523959001
876.0450187473715	876.0450187473715
591.2983187134463	591.2983187134463
1626.6659234242097	1626.6659234242097
806.1717002361128	806.1717002361128
-354.7883662835517	-354.7883662835517
742.0090667702858	742.0090667702858
1717.8660020548873	1717.8660020548873
251.51120541191128	251.51120541191128
824.2724787921288	824.2724787921288
408.2846219096597	408.2846219096597
618.0108625405616	618.0108625405616
356.13114670255294	356.13114670255294
786.3542032206458	786.3542032206458
440.84856687987315	440.84856687987315
452.34118052400527	452.34118052400527
389.58489399505805	389.58489399505805
260.6846714361879	260.6846714361879
-49.22930423905552	-49.22930423905552
73.54868138841654	73.54868138841654
-1.3495586114721956	-1.3495586114721956
670.8310651944828	670.8310651944828
1329.3620968264122	1329.3620968264122
280.48783245160234	280.48783245160234
961.7453080261921	961.7453080261921
310.56306140939813	310.56306140939813
281.4527284141838	281.4527284141838
577.7005230561676	577.7005230561676
160.1985874242767	160.1985874242767
813.1214248318978	813.1214248318978
777.3700832876922	777.3700832876922
1246.3563287503957	1246.3563287503957
993.8646754534112	993.8646754534112
279.8105686181551	279.8105686181551
551.5471588589901	551.5471588589901
-307.08741688180294	-307.08741688180294
926.7798486353364	926.7798486353364
1303.8803340747193	1303.8803340747193
10.756622637044952	10.756622637044952
-102.41282813115771	-102.41282813115771
1725.4007956855917	1725.4007956855917
595.905383301207	595.905383301207
662.5158253956749	662.5158253956749
399.0364023809152	399.0364023809152
764.2587347724103	764.2587347724103
-141.59248972134253	-141.59248972134253
800.0887293432002	800.0887293432002
748.4640636177905	748.4640636177905
1122.8975086161588	1122.8975086161588
-164.9739786006009	-164.9739786006009
320.3775353269885	320.3775353269885
-149.96696255716526	-149.96696255716526
211.71423013055139	211.71423013055139
1453.6388012447749	1453.6388012447749
1449.1959460480646	1449.1959460480646
826.0093974909981	826.0093974909981
-188.43656851308216	-188.43656851308216
-206.2777606058516	-206.2777606058516
-263.86903413288053	-263.86903413288053
387.09575346073564	387.09575346073564
472.29524011392687	472.29524011392687
536.639400608383	536.639400608383
347.5941732268003	347.5941732268003
406.1966351675436	406.1966351675436
1529.1196054589218	1529.1196054589218
752.4049601934158	752.4049601934158
658.4701668969803	658.4701668969803
498.2174199293026	498.2174199293026
419.19577659353996	419.19577659353996
1264.6944402690644	1264.6944402690644
845.9356946745928	845.9356946745928
1199.1222593023253	1199.1222593023253
-21.958199250565926	-21.958199250565926
-61.572951531268295	-61.572951531268295
617.2042077539915	617.2042077539915
33.33741246869509	33.33741246869509
1624.9285051028708	1624.9285051028708
1496.8147924931677	1496.8147924931677
-53.568370277308404	-53.568370277308404
481.82407893560253	481.82407893560253
419.61129712000877	419.61129712000877
456.8680739746987	456.8680739746987
1050.0380045005509	1050.0380045005509
1335.0804042295565	1335.0804042295565
1495.6516720417153	1495.6516720417153
1108.6919449896109	1108.6919449896109
-29.918428623225214	-29.918428623225214
-116.07719192981203	-116.07719192981203
1421.621760306931	1421.621760306931
1547.1075720795975	1547.1075720795975
-232.46076332685988	-232.46076332685988
-326.7831489144087	-326.7831489144087
-238.31408324795188	-238.31408324795188
-248.98690698721137	-248.98690698721137
-302.52911462946236	-302.52911462946236
-200.89837657942095	-200.89837657942095
670.418079244675	670.418079244675
529.655224558619	529.655224558619
923.6181255433124	923.6181255433124
283.76916572506013	283.76916572506013
542.6097519256494	542.6097519256494
497.2263735897723	497.2263735897723
543.6436385427971	543.6436385427971
897.9877358339331	897.9877358339331
-59.350359268699975	-59.350359268699975
335.92667627595506	335.92667627595506
1622.0882925262918	1622.0882925262918
-82.33722544777385	-82.33722544777385
1050.8192038895272	1050.8192038895272
637.9427327223829	637.9427327223829
250.95523943630792	250.95523943630792
408.7118985815235	408.7118985815235
736.7557857991333	736.7557857991333
96.59318595599227	96.59318595599227
58.90512789383678	58.90512789383678
749.5590113286823	749.5590113286823
426.1638886907013	426.1638886907013
211.13582411548649	211.13582411548649
347.01599075440845	347.01599075440845
316.7417826508461	316.7417826508461
316.138127316783	316.138127316783
1511.7866956252947	1511.7866956252947
599.3946456197266	599.3946456197266
-125.0291577948786	-125.0291577948786
-159.05233158303338	-159.05233158303338
404.49979781645465	404.49979781645465
730.7550196855036	730.7550196855036
790.1860053428202	790.1860053428202
862.7852775863314	862.7852775863314
389.6015994708977	389.6015994708977
1062.1125841021335	1062.1125841021335
-274.92608174153247	-274.92608174153247
-102.9818180386803	-102.9818180386803
817.3614250708092	817.3614250708092
1816.1904138198795	1816.1904138198795
1010.4042244257894	1010.4042244257894
1434.4168733239533	1434.4168733239533
1736.0348784978862	1736.0348784978862
-353.9482265034387	-353.9482265034387
1064.7396142827845	1064.7396142827845
1192.2142540193472	1192.2142540193472
284.78844010388605	284.78844010388605
1195.9074184089948	1195.9074184089948
1004.5597548319649	1004.5597548319649
-166.65804580704594	-166.65804580704594
362.39413082084343	362.39413082084343
324.40004053746526	324.40004053746526
326.6392861818169	326.6392861818169
1572.0191369315826	1572.0191369315826
145.44365418866914	145.44365418866914
-83.41883681562805	-83.41883681562805
-120.03643036119828	-120.03643036119828
373.38933297109884	373.38933297109884
-216.99496465451847	-216.99496465451847
825.3792766094398	825.3792766094398
777.9346343610712	777.9346343610712
814.9878092464056	814.9878092464056
148.85573199582362	148.85573199582362
229.0612869470269	229.0612869470269
661.7813697133613	661.7813697133613
621.31200860582	621.31200860582
1842.7933987839392	1842.7933987839392
-254.1986618540705	-254.1986618540705
-283.14840839161076	-283.14840839161076
-226.52131190231	-226.52131190231
565.7473659851813	565.7473659851813
1125.8300582160355	1125.8300582160355
1754.6499087598017	1754.6499087598017
1839.3740005123939	1839.3740005123939
1805.0726456301768	1805.0726456301768
1270.5301806541017	1270.5301806541017
1818.1401081411882	1818.1401081411882
940.6473314692815	940.6473314692815
607.2276804660445	607.2276804660445
1297.045181606277	1297.045181606277
-395.0980651866891	-395.0980651866891
-296.9057722478813	-296.9057722478813
1660.8743364105608	1660.8743364105608
547.6814738091973	547.6814738091973
599.1827301559056	599.1827301559056
391.30152559904064	391.30152559904064
575.3884146709862	575.3884146709862
1207.2010327512662	1207.2010327512662
1232.9208238850886	1232.9208238850886
-710.8788619899558	-710.8788619899558
1877.4928725619523	1877.4928725619523
168.98333208037442	168.98333208037442
1322.1909587350012	1322.1909587350012
1278.9176884424917	1278.9176884424917
1653.2644576696148	1653.2644576696148
1285.6998330103502	1285.6998330103502
-336.1018656177831	-336.1018656177831
1800.4465011881236	1800.4465011881236
335.5605424423539	335.5605424423539
-206.25911675619707	-206.25911675619707
1815.473925574978	1815.473925574978
1864.5488786671162	1864.5488786671162
1767.6399863412455	1767.6399863412455
800.6473699231851	800.6473699231851
-128.4099026224414	-128.4099026224414
794.6271419783855	794.6271419783855
-375.8891521051468	-375.8891521051468
-365.3778015380787	-365.3778015380787
1724.594953913324	1724.594953913324
1580.5731445879526	1580.5731445879526
1221.4035327892002	1221.4035327892002
1154.9796928757062	1154.9796928757062
1254.5084414585685	1254.5084414585685
1256.6479715229793	1256.6479715229793
233.17632056407462	233.17632056407462
-762.3227057871927	-762.3227057871927
-715.3704128711698	-715.3704128711698
-753.4546567018823	-753.4546567018823
-332.28820685312587	-332.28820685312587
-312.105436505098	-312.105436505098
-296.98075388018884	-296.98075388018884
696.8186291403048	696.8186291403048
200.08398086696369	200.08398086696369
1173.701445033731	1173.701445033731
-264.82015948859583	-264.82015948859583
-612.1417924827036	-612.1417924827036
-172.55793110790702	-172.55793110790702
-579.5181087903977	-579.5181087903977
1013.8306299103419	1013.8306299103419
1720.0942880133664	1720.0942880133664
-510.05866431465137	-510.05866431465137
1071.3299971086542	1071.3299971086542
1657.6506648219806	1657.6506648219806
1615.33595177184	1615.33595177184
1222.1097341431891	1222.1097341431891
1290.4360248165585	1290.4360248165585
1849.8495263933264	1849.8495263933264
-677.4635964689941	-677.4635964689941
-730.9875079843961	-730.9875079843961
1045.1546840176466	1045.1546840176466
589.5169091523634	589.5169091523634
1059.1820159115669	1059.1820159115669
-413.16142966591826	-413.16142966591826
-546.2107202322167	-546.2107202322167
-447.9963365074824	-447.9963365074824
-678.6182008862996	-678.6182008862996
-696.0937115738768	-696.0937115738768
-721.4454428676105	-721.4454428676105
-282.5700337505124	-282.5700337505124
-308.96842817230663	-308.96842817230663
993.6730840579942	993.6730840579942
-530.102435861341	-530.102435861341
-515.2525899460218	-515.2525899460218
-303.8679171314233	-303.8679171314233
-598.5074766534003	-598.5074766534003
-308.71733570023355	-308.71733570023355
-277.45771020099045	-277.45771020099045
1388.3545213928408	1388.3545213928408
-27.30459433806955	-27.30459433806955
-540.6240806890199	-540.6240806890199
-345.9108214462657	-345.9108214462657
-387.45711266946404	-387.45711266946404
1032.3764999815828	1032.3764999815828
966.1755657618124	966.1755657618124
1.3718662443690235	1.3718662443690235
763.5357762225782	763.5357762225782
-89.88271625641039	-89.88271625641039
987.3138755038542	987.3138755038542
-461.45897576173223	-461.45897576173223
1829.6653434996879	1829.6653434996879
1065.3717778568507	1065.3717778568507
1130.3645682685988	1130.3645682685988
-344.23247589810495	-344.23247589810495
733.5247974972007	733.5247974972007
1021.2463999521605	1021.2463999521605
1073.385037153613	1073.385037153613
981.311506324428	981.311506324428
793.4062286799494	793.4062286799494
1024.312514135627	1024.312514135627
834.0135788192475	834.0135788192475